name	fre	time	subg	fs	MIML	ratio	hn	HammingLoss	RankingLoss	OneError	Coverage	Average_Precision	tr_time	te_time
MSRC_GT_6x9x15_omgr_CSM	100	41682ms	400	29	ELM	0.200000	100	0.092695	0.139960	0.406091	5.903553	0.662201	2.770000	0.610000
MSRC_GT_6x9x15_omgr_CSM	100	41682ms	400	29	ELM	0.200000	150	0.092915	0.130369	0.411168	5.502538	0.664020	2.960000	0.660000
MSRC_GT_6x9x15_omgr_CSM	100	41682ms	400	29	ELM	0.200000	200	0.094240	0.140328	0.411168	5.903553	0.650578	3.120000	0.660000
MSRC_GT_6x9x15_omgr_CSM	100	41682ms	400	29	ELM	0.400000	100	0.092915	0.134945	0.395939	5.766497	0.675679	2.780000	1.200000
MSRC_GT_6x9x15_omgr_CSM	100	41682ms	400	29	ELM	0.400000	150	0.088501	0.138299	0.390863	5.883249	0.671652	2.890000	1.190000
MSRC_GT_6x9x15_omgr_CSM	100	41682ms	400	29	ELM	0.400000	200	0.090708	0.133590	0.390863	5.736041	0.673291	3.170000	1.140000
MSRC_GT_6x9x15_omgr_CSM	100	41682ms	400	29	ELM	0.600000	100	0.092915	0.131642	0.401015	5.675127	0.673393	2.910000	1.670000
MSRC_GT_6x9x15_omgr_CSM	100	41682ms	400	29	ELM	0.600000	150	0.088722	0.126558	0.395939	5.461929	0.679470	2.840000	1.620000
MSRC_GT_6x9x15_omgr_CSM	100	41682ms	400	29	ELM	0.600000	200	0.087177	0.130738	0.385787	5.634518	0.682112	3.100000	1.740000
MSRC_GT_6x9x15_omgr_CSM	100	41682ms	400	29	ELM	0.800000	100	0.094240	0.133736	0.390863	5.700508	0.669551	2.740000	2.210000
MSRC_GT_6x9x15_omgr_CSM	100	41682ms	400	29	ELM	0.800000	150	0.093357	0.136055	0.401015	5.817259	0.667704	3.260000	2.240000
MSRC_GT_6x9x15_omgr_CSM	100	41682ms	400	29	ELM	0.800000	200	0.089164	0.133113	0.395939	5.725888	0.676647	3.290000	2.300000
MSRC_GT_6x9x15_omgr_CSM	100	43125ms	600	36	ELM	0.200000	100	0.064004	0.072921	0.197970	3.888325	0.805236	2.700000	0.630000
MSRC_GT_6x9x15_omgr_CSM	100	43125ms	600	36	ELM	0.200000	150	0.065328	0.077118	0.208122	4.015228	0.801002	2.950000	0.670000
MSRC_GT_6x9x15_omgr_CSM	100	43125ms	600	36	ELM	0.200000	200	0.059369	0.071810	0.187817	3.868020	0.808192	3.250000	0.720000
MSRC_GT_6x9x15_omgr_CSM	100	43125ms	600	36	ELM	0.400000	100	0.065107	0.075994	0.213198	4.065990	0.804848	2.900000	1.120000
MSRC_GT_6x9x15_omgr_CSM	100	43125ms	600	36	ELM	0.400000	150	0.061797	0.075182	0.197970	3.989848	0.804771	3.770000	1.460000
MSRC_GT_6x9x15_omgr_CSM	100	43125ms	600	36	ELM	0.400000	200	0.070183	0.075303	0.197970	3.928934	0.801737	3.160000	2.340000
MSRC_GT_6x9x15_omgr_CSM	100	43125ms	600	36	ELM	0.600000	100	0.060031	0.074653	0.197970	4.055838	0.806372	2.840000	1.650000
MSRC_GT_6x9x15_omgr_CSM	100	43125ms	600	36	ELM	0.600000	150	0.064666	0.082721	0.192893	4.238579	0.799917	2.910000	1.660000
MSRC_GT_6x9x15_omgr_CSM	100	43125ms	600	36	ELM	0.600000	200	0.065328	0.075776	0.213198	3.893401	0.803726	3.100000	1.660000
MSRC_GT_6x9x15_omgr_CSM	100	43125ms	600	36	ELM	0.800000	100	0.054955	0.071367	0.172589	3.928934	0.820388	2.900000	2.100000
MSRC_GT_6x9x15_omgr_CSM	100	43125ms	600	36	ELM	0.800000	150	0.067093	0.083890	0.218274	4.157360	0.796803	2.940000	2.170000
MSRC_GT_6x9x15_omgr_CSM	100	43125ms	600	36	ELM	0.800000	200	0.063783	0.072262	0.218274	3.761421	0.800565	3.080000	2.200000
Scenes_2_6x9x15_CSM	200	3881ms	600	9	ELM	0.200000	100	0.737600	0.203000	0.380000	0.890000	0.757800	34.350000	4.710000
Scenes_2_6x9x15_CSM	200	3881ms	600	9	ELM	0.200000	150	0.735600	0.220000	0.408000	0.960000	0.735733	34.460000	4.620000
Scenes_2_6x9x15_CSM	200	3881ms	600	9	ELM	0.200000	200	0.740000	0.220333	0.420000	0.960000	0.732833	34.640000	4.700000
Scenes_2_6x9x15_CSM	200	3881ms	600	9	ELM	0.400000	100	0.728000	0.209833	0.388000	0.918000	0.749567	34.330000	9.240000
Scenes_2_6x9x15_CSM	200	3881ms	600	9	ELM	0.400000	150	0.733600	0.219000	0.398000	0.952000	0.741900	34.700000	9.370000
Scenes_2_6x9x15_CSM	200	3881ms	600	9	ELM	0.400000	200	0.723600	0.208333	0.394000	0.910000	0.748433	36.550000	9.700000
Scenes_2_6x9x15_CSM	200	3881ms	600	9	ELM	0.600000	100	0.734400	0.211500	0.410000	0.924000	0.740900	33.960000	13.920000
Scenes_2_6x9x15_CSM	200	3881ms	600	9	ELM	0.600000	150	0.740800	0.217000	0.404000	0.944000	0.740400	34.750000	13.830000
Scenes_2_6x9x15_CSM	200	3881ms	600	9	ELM	0.600000	200	0.736000	0.204000	0.370000	0.892000	0.759883	34.590000	13.860000
Scenes_2_6x9x15_CSM	200	3881ms	600	9	ELM	0.800000	100	0.740800	0.202833	0.380000	0.888000	0.757533	34.060000	18.850000
Scenes_2_6x9x15_CSM	200	3881ms	600	9	ELM	0.800000	150	0.738400	0.212833	0.394000	0.930000	0.746600	34.970000	18.640000
Scenes_2_6x9x15_CSM	200	3881ms	600	9	ELM	0.800000	200	0.728000	0.209167	0.370000	0.910000	0.758183	34.410000	18.830000
Scenes_2_6x9x15_CSM	300	3239ms	600	5	ELM	0.200000	100	0.752000	0.176000	0.344000	0.824000	0.790267	34.740000	4.730000
Scenes_2_6x9x15_CSM	300	3239ms	600	5	ELM	0.200000	150	0.758800	0.167333	0.342000	0.790000	0.796033	34.820000	4.730000
Scenes_2_6x9x15_CSM	300	3239ms	600	5	ELM	0.200000	200	0.751200	0.160667	0.312000	0.762000	0.810200	34.920000	4.730000
Scenes_2_6x9x15_CSM	300	3239ms	600	5	ELM	0.400000	100	0.751200	0.172833	0.330000	0.810000	0.798367	34.550000	9.410000
Scenes_2_6x9x15_CSM	300	3239ms	600	5	ELM	0.400000	150	0.749200	0.165000	0.304000	0.780000	0.811867	35.830000	9.460000
Scenes_2_6x9x15_CSM	300	3239ms	600	5	ELM	0.400000	200	0.750800	0.166500	0.316000	0.786000	0.805367	35.520000	9.620000
Scenes_2_6x9x15_CSM	300	3239ms	600	5	ELM	0.600000	100	0.751600	0.168333	0.334000	0.792000	0.798333	34.870000	14.440000
Scenes_2_6x9x15_CSM	300	3239ms	600	5	ELM	0.600000	150	0.750000	0.169833	0.332000	0.798000	0.797550	35.470000	14.450000
Scenes_2_6x9x15_CSM	300	3239ms	600	5	ELM	0.600000	200	0.751200	0.173667	0.334000	0.812000	0.795850	35.570000	14.500000
Scenes_2_6x9x15_CSM	300	3239ms	600	5	ELM	0.800000	100	0.751600	0.173833	0.336000	0.814000	0.795300	35.610000	19.050000
Scenes_2_6x9x15_CSM	300	3239ms	600	5	ELM	0.800000	150	0.750000	0.166333	0.314000	0.784000	0.806917	35.630000	19.200000
Scenes_2_6x9x15_CSM	300	3239ms	600	5	ELM	0.800000	200	0.749200	0.169333	0.334000	0.796000	0.797600	35.480000	19.340000
