t # 0
v 0 3804
v 1 2149
v 2 273
v 3 2149
v 4 3531
v 5 2422
v 6 0
v 7 2933
v 8 1892
v 9 2934
v 10 3206
v 11 1364
v 12 3530
v 13 1091
v 14 2950
v 15 2949
v 16 1348
v 17 3513
v 18 2967
v 19 2438
v 20 1073
v 21 2422
v 22 2694
v 23 3223
v 24 3206
v 25 3770
v 26 3241
v 27 2967
v 28 3513
v 29 1620
v 30 3821
v 31 2660
e 0 4 1
e 0 9 1
e 0 10 1
e 0 31 1
e 1 17 1
e 1 20 1
e 1 22 1
e 1 26 1
e 1 27 1
e 1 28 1
e 2 8 1
e 2 13 1
e 2 16 1
e 2 19 1
e 2 20 1
e 2 21 1
e 2 29 1
e 3 4 1
e 3 11 1
e 3 18 1
e 3 20 1
e 3 28 1
e 4 5 1
e 4 11 1
e 4 17 1
e 4 18 1
e 4 31 1
e 5 18 1
e 5 20 1
e 6 8 1
e 6 16 1
e 6 20 1
e 7 12 1
e 7 17 1
e 8 16 1
e 8 20 1
e 8 29 1
e 9 12 1
e 9 14 1
e 9 23 1
e 9 31 1
e 11 17 1
e 11 28 1
e 11 30 1
e 12 14 1
e 12 15 1
e 12 17 1
e 12 23 1
e 12 25 1
e 12 31 1
e 13 19 1
e 13 21 1
e 14 23 1
e 16 20 1
e 16 21 1
e 17 22 1
e 17 28 1
e 17 30 1
e 17 31 1
e 18 20 1
e 20 22 1
e 20 27 1
e 20 28 1
e 24 31 1
e 26 27 1
